3.6600591386668384
3.659432022832334
3.6588049065321684
3.6581776719540358
3.6575505547225475
3.6569234393537045
3.6562963239848614
3.6556692086160183
3.655042093247175
3.6544148549437523
3.653787739574909
3.653160624206066
3.652533508837223
3.65190639346838
3.651279278099537
3.650652162730694
3.650024928152561
3.649397812783718
3.6487706899642944
3.6481435745954514
3.6475164592266083
3.646889343857765
3.6462621092796326
3.6456349939107895
3.6450078785419464
3.6443807631731033
3.6437536478042603
3.643126532435417
3.642499417066574
3.6418721824884415
3.6412450671195984
3.6406179517507553
3.6399908363819122
3.639363721013069
3.638736605644226
3.6381093710660934
3.6374822556972504
3.636855125427246
3.636228010058403
3.63560089468956
3.634973779320717
3.634346663951874
3.633719429373741
3.633092314004898
3.632465198636055
3.631838083267212
3.631210967898369
3.6305838525295258
3.629956617951393
3.62932950258255
3.6287023723125458
3.628075271844864
3.6274481415748596
3.6268210411071777
3.6261939108371735
3.625566691160202
3.6249395608901978
3.624312460422516
3.6236853301525116
3.6230582296848297
3.6224310994148254
3.621803879737854
3.6211767494678497
3.620549649000168
3.6199225187301636
3.6192954182624817
3.6186682879924774
3.6180411875247955
3.6174139380455017
3.61678683757782
3.6161597073078156
3.6155326068401337
3.6149054765701294
3.6142783761024475
3.6136511266231537
3.6130239963531494
3.6123968958854675
3.6117697656154633
3.6111426651477814
3.610515534877777
3.609888434410095
3.6092611849308014
3.6086340844631195
3.6080069541931152
3.6073798537254333
3.606752723455429
3.606125622987747
3.605498492717743
3.6048712730407715
3.604244142770767
3.6036170423030853
3.602989912033081
3.602362811565399
3.601735681295395
3.6011084616184235
3.600481331348419
3.5998542308807373
3.599227100610733
3.598600000143051
3.597972869873047
3.5973457396030426
3.596718490123749
3.596091389656067
3.595464289188385
3.594837188720703
3.5942100286483765
3.5935829281806946
3.592955708503723
3.5923286080360413
3.5917014479637146
3.5910743474960327
3.590447247028351
3.589820146560669
3.5891929864883423
3.588565766811371
3.587938666343689
3.587311565876007
3.5866844058036804
3.5860573053359985
3.585430145263672
3.58480304479599
3.5841758847236633
3.5835487246513367
3.582921624183655
3.582294523715973
3.5816673040390015
3.5810402035713196
3.5804131031036377
3.5797858834266663
3.5791587829589844
3.5785316824913025
3.5779045820236206
3.577277362346649
3.5766502618789673
3.5760231614112854
3.5753960013389587
3.574768841266632
3.57414174079895
3.5735145807266235
3.5728874802589417
3.572260320186615
3.5716331601142883
3.5710060596466064
3.5703789591789246
3.569751799106598
3.5691246390342712
3.5684975385665894
3.5678704380989075
3.567243218421936
3.566616117954254
3.5659890174865723
3.565361797809601
3.564734697341919
3.564107596874237
3.5634804368019104
3.5628532767295837
3.562226176261902
3.56159907579422
3.5609719157218933
3.5603447556495667
3.5597176551818848
3.559090495109558
3.558463394641876
3.5578362345695496
3.557209074497223
3.556581974029541
3.555954873561859
3.5553276538848877
3.554700553417206
3.554073452949524
3.553446352481842
3.5528191328048706
3.5521920323371887
3.551564931869507
3.55093777179718
3.5503106117248535
3.5496835112571716
3.549056351184845
3.5484291911125183
3.5478020906448364
3.5471749305725098
3.546547830104828
3.545920670032501
3.5452935695648193
3.5446664094924927
3.544039309024811
3.543412148952484
3.5427849888801575
3.5421578884124756
3.5415307879447937
3.5409035682678223
3.5402764678001404
3.5396493673324585
3.5390222668647766
3.538395047187805
3.5377679467201233
3.5371408462524414
3.5365136861801147
3.535886526107788
3.535259425640106
3.5346322655677795
3.534005105495453
3.533378005027771
3.5327507853507996
3.5321237444877625
3.531496584415436
3.5308695435523987
3.5302423238754272
3.5296151638031006
3.528988093137741
3.5283609330654144
3.5277337431907654
3.527106672525406
3.5264795124530792
3.5258524417877197
3.525225281715393
3.524598091840744
3.5239710211753845
3.523343861103058
3.522716671228409
3.5220896005630493
3.5214624404907227
3.520835369825363
3.5202082097530365
3.5195810198783875
3.518953949213028
3.5183267891407013
3.5176995992660522
3.517072558403015
3.516445368528366
3.515818178653717
3.51519113779068
3.514563947916031
3.5139368772506714
3.5133097171783447
3.5126825273036957
3.5120554864406586
3.5114282965660095
3.5108011066913605
3.5101740658283234
3.5095468759536743
3.508919835090637
3.508292645215988
3.507665455341339
3.507038414478302
3.506411224603653
3.5057840645313263
3.505156993865967
3.5045298039913177
3.5039027631282806
3.5032755732536316
3.5026483833789825
3.5020213425159454
3.5013941526412964
3.5007669776678085
3.5001399219036102
3.4995127469301224
3.4988855719566345
3.498258501291275
3.497631326317787
3.497004270553589
3.496377095580101
3.495749905705452
3.4951228499412537
3.494495674967766
3.493868499994278
3.4932414293289185
3.4926142543554306
3.4919871985912323
3.4913600236177444
3.4907328486442566
3.490105777978897
3.4894786030054092
3.4888514280319214
3.488224372267723
3.487597182393074
3.486970007419586
3.486342951655388
3.4857157766819
3.485088713467121
3.4844615384936333
3.483834356069565
3.4832073003053665
3.482580117881298
3.48195294290781
3.4813258796930313
3.4806987047195435
3.4800716415047646
3.4794444665312767
3.4788172878324986
3.47819022834301
3.477563049644232
3.4769358709454536
3.476308811455965
3.475681634619832
3.4750545751303434
3.4744273964315653
3.4738002186641097
3.4731731596402824
3.4725459814071664
3.471950410399586
3.471354720182717
3.470759148709476
3.4701635781675577
3.4695678874850273
3.4689723160117865
3.468376625329256
3.4677810557186604
3.4671854823827744
3.466589793562889
3.465994220227003
3.4653986506164074
3.464802958071232
3.464207388460636
3.463611699640751
3.463016130030155
3.462420552968979
3.4618248641490936
3.461229294538498
3.460633724927902
3.460038036108017
3.4594424590468407
3.4588467702269554
3.4582512006163597
3.457655631005764
3.457059934735298
3.4564643651247025
3.4558687955141068
3.4552731066942215
3.454677537083626
3.45408196747303
3.453486278653145
3.452890694141388
3.4522950053215027
3.451699435710907
3.4511038661003113
3.450508177280426
3.4499126076698303
3.4493170380592346
3.4487213492393494
3.4481257796287537
3.4475300908088684
3.4469345062971115
3.446338936686516
3.4457432478666306
3.445147678256035
3.444552108645439
3.443956419825554
3.443360850214958
3.442765161395073
3.4421695917844772
3.4415740072727203
3.440978318452835
3.4403827488422394
3.4397871792316437
3.4391914904117584
3.4385959208011627
3.438000351190567
3.4374046623706818
3.436809092760086
3.436213403940201
3.435617834329605
3.4350222647190094
3.434426575899124
3.4338310062885284
3.4332354068756104
3.432639718055725
3.4320441484451294
3.431448459625244
3.4308528900146484
3.4302573204040527
3.4296616315841675
3.4290660619735718
3.428470492362976
3.427874803543091
3.427279233932495
3.4266836643218994
3.426087975502014
3.4254924058914185
3.424896717071533
3.4243011474609375
3.423705577850342
3.4231098890304565
3.422514319419861
3.4219187200069427
3.4213230311870575
3.420727461576462
3.4201317727565765
3.419536203145981
3.418940633535385
3.4183449447155
3.417749375104904
3.4171538054943085
3.416558116674423
3.4159625470638275
3.4153668582439423
3.4147712886333466
3.414175659418106
3.4135800898075104
3.41298446059227
3.4123888313770294
3.4117932617664337
3.4111976325511932
3.4106019735336304
3.41000634431839
3.409410774707794
3.4088151454925537
3.4082195162773132
3.4076238870620728
3.407028317451477
3.4064326882362366
3.405837059020996
3.4052414298057556
3.40464586019516
3.4040502309799194
3.403454601764679
3.4028589725494385
3.4022634029388428
3.4016677737236023
3.401072144508362
3.4004765152931213
3.3998809456825256
3.399285316467285
3.3986896872520447
3.398094058036804
3.3974984884262085
3.396902859210968
3.3963072299957275
3.395711660385132
3.3951160311698914
3.394520401954651
3.3939247131347656
3.39332914352417
3.3927335143089294
3.392137885093689
3.3915422558784485
3.390946686267853
3.3903510570526123
3.389755427837372
3.3891597986221313
3.3885642290115356
3.387968599796295
3.3873729705810547
3.386777341365814
3.3861817717552185
3.385586142539978
3.3849905133247375
3.384394884109497
3.3837993144989014
3.383203685283661
3.3826080560684204
3.3820124864578247
3.3814168572425842
3.3808212280273438
3.3802255988121033
3.3796300292015076
3.379034399986267
3.3784387707710266
3.377843141555786
3.3772475719451904
3.37665194272995
3.3760563135147095
3.375460684299469
3.3748651146888733
3.374269485473633
3.3736738562583923
3.373078227043152
3.372482657432556
3.371886968612671
3.3712913393974304
3.37069571018219
3.3701001405715942
3.3695045113563538
3.3689088821411133
3.368313252925873
3.367717683315277
3.3671220541000366
3.366526424884796
3.3659308552742004
3.36533522605896
3.3647395968437195
3.364143967628479
3.3635483980178833
3.362952768802643
3.3623571395874023
3.361761510372162
3.361165940761566
3.3605703115463257
3.359974682331085
3.3593790531158447
3.358783483505249
3.3581878542900085
3.357592225074768
3.3569965958595276
3.356401026248932
3.3558053970336914
3.355209767818451
3.3546141386032104
3.3540185391902924
3.3534229397773743
3.352827340364456
3.3522317111492157
3.3516361117362976
3.351040482521057
3.350444883108139
3.3498492538928986
3.3492535948753357
3.348657965660095
3.348062366247177
3.3474667370319366
3.3468711376190186
3.346275508403778
3.34567990899086
3.3450842797756195
3.3444886803627014
3.343893051147461
3.343297451734543
3.3427018225193024
3.3421062231063843
3.341510593891144
3.3409149944782257
3.3403193652629852
3.339723765850067
3.3391281366348267
3.3385325372219086
3.3379369378089905
3.33734130859375
3.336745709180832
3.3361500799655914
3.3355544805526733
3.334958851337433
3.3343632519245148
3.3337676227092743
3.333172023296356
3.3325763940811157
3.3319807946681976
3.331385165452957
3.330789566040039
3.3301939368247986
3.3295983374118805
3.32900270819664
3.328407108783722
3.3278114795684814
3.3272158801555634
3.326620250940323
3.326024651527405
3.3254290223121643
3.324833422899246
3.3242377936840057
3.3236421942710876
3.3230465799570084
3.322450965642929
3.32185535132885
3.3212597370147705
3.3206641227006912
3.320068508386612
3.3194728940725327
3.3188772797584534
3.318281665444374
3.317686051130295
3.3170904368162155
3.3164948225021362
3.3158991038799286
3.3153034895658493
3.31470787525177
3.3141122609376907
3.3135166466236115
3.312921032309532
3.312325417995453
3.3117298036813736
3.3111341893672943
3.310538575053215
3.3099429607391357
3.3093473464250565
3.308751732110977
3.308156117796898
3.3075605034828186
3.3069648891687393
3.30636927485466
3.3057736605405807
3.3051780462265015
3.3045824393630028
3.3039868250489235
3.303391210734844
3.302795596420765
3.3021999821066856
3.3016043677926064
3.301008753478527
3.300413139164448
3.2998175248503685
3.2992219142615795
3.2986262999475002
3.298030685633421
3.2974350713193417
3.2968394570052624
3.2962438445538282
3.295648230239749
3.2950526168569922
3.2944570030085742
3.293861389160158
3.2932972761336714
3.2927331631071866
3.2921690503135324
3.291604937054217
3.291040824726224
3.2904767114669085
3.289912598207593
3.2893484849482775
3.288784369826317
3.2882202602922916
3.287656147032976
3.2870920337736607
3.286527920514345
3.2859638072550297
3.285399693995714
3.2848355807363987
3.284271463751793
3.2837073504924774
3.2831432446837425
3.282579131424427
3.2820150181651115
3.281450904905796
3.2808867916464806
3.280322678387165
3.2797585651278496
3.279194451868534
3.2786303386092186
3.278066225349903
3.2775021120905876
3.276937998831272
3.2763738855719566
3.275809772312641
3.2752456590533257
3.2746815383434296
3.274117425084114
3.2735533118247986
3.272989198565483
3.2724252194166183
3.271861106157303
3.2712969928979874
3.270732879638672
3.2701687663793564
3.269604653120041
3.2690405398607254
3.26847642660141
3.2679123133420944
3.267348200082779
3.2667840868234634
3.266219973564148
3.2656558603048325
3.265091747045517
3.2645276337862015
3.263963520526886
3.2633994072675705
3.262835294008255
3.2622711807489395
3.261707067489624
3.2611429542303085
3.260578840970993
3.2600147277116776
3.259450614452362
3.2588865011930466
3.258322387933731
3.2577582746744156
3.2571941614151
3.2566300481557846
3.256065934896469
3.2555018067359924
3.254937708377838
3.2543735802173615
3.253809481859207
3.2532453536987305
3.252681255340576
3.2521171271800995
3.251553028821945
3.250988930463791
3.250424802303314
3.24986070394516
3.2492965757846832
3.248732477426529
3.2481683492660522
3.247604250907898
3.2470401227474213
3.246476024389267
3.2459118962287903
3.245347797870636
3.2447836697101593
3.244219571352005
3.2436554431915283
3.243091344833374
3.2425272166728973
3.241963118314743
3.2413989901542664
3.240834951400757
3.24027082324028
3.239706724882126
3.239142596721649
3.238578498363495
3.238014370203018
3.237450271844864
3.236886143684387
3.236322045326233
3.2357579171657562
3.235193818807602
3.2346296906471252
3.234065592288971
3.2335014641284943
3.23293736577034
3.2323732376098633
3.231809139251709
3.2312450110912323
3.230680912733078
3.2301167845726013
3.229552686214447
3.2289885580539703
3.228424459695816
3.2278603315353394
3.227296233177185
3.2267321050167084
3.226168006658554
3.2256038784980774
3.225039780139923
3.2244756519794464
3.223911553621292
3.2233474254608154
3.222783327102661
3.2222191989421844
3.22165510058403
3.2210909724235535
3.220526874065399
3.2199627459049225
3.219398707151413
3.2188345789909363
3.218270480632782
3.2177063822746277
3.2171422243118286
3.2165781259536743
3.21601402759552
3.2154499292373657
3.2148857712745667
3.2143216729164124
3.213757574558258
3.2131934762001038
3.2126293182373047
3.2120652198791504
3.211501121520996
3.210937023162842
3.2103728652000427
3.2098087668418884
3.209244668483734
3.20868057012558
3.2081164717674255
3.2075523138046265
3.206988215446472
3.206424117088318
3.2058600187301636
3.2052958607673645
3.20473176240921
3.204167664051056
3.2036035656929016
3.2030394077301025
3.2024753093719482
3.201911211013794
3.2013471126556396
3.2007829546928406
3.2002188563346863
3.199654757976532
3.1990906596183777
3.1985265612602234
3.197962462902069
3.197398364543915
3.1968342661857605
3.1962701082229614
3.195706009864807
3.195141911506653
3.1945778131484985
3.1940136551856995
3.193449556827545
3.192885458469391
3.1923213601112366
3.1917572021484375
3.191193103790283
3.190629005432129
3.1900649070739746
3.1895007491111755
3.1889366507530212
3.188372552394867
3.1878084540367126
3.1872442960739136
3.1866801977157593
3.186116099357605
3.1855520009994507
3.1849878430366516
3.1844237446784973
3.183859646320343
3.1832955479621887
3.182731419801712
3.1821673214435577
3.1816032230854034
3.181039124727249
3.18047496676445
3.1799108684062958
3.1793467700481415
3.178782671689987
3.178218513727188
3.177654415369034
3.1770903170108795
3.176526218652725
3.175962060689926
3.175397962331772
3.1748338639736176
3.1742697656154633
3.173705607652664
3.17314150929451
3.1725774109363556
3.1720133423805237
3.1714491844177246
3.1708850860595703
3.170320987701416
3.1697568893432617
3.1691927313804626
3.1686286330223083
3.168064534664154
3.1675004363059998
3.1669363379478455
3.1663721799850464
3.165808081626892
3.165243983268738
3.1646798849105835
3.1641157269477844
3.16355162858963
3.162987530231476
3.1624234318733215
3.1618592739105225
3.1612952053546906
3.1607311069965363
3.160167008638382
3.159602850675583
3.1590387523174286
3.1584746539592743
3.15791055560112
3.157346397638321
3.1567822992801666
3.1562182009220123
3.155654102563858
3.155089944601059
3.1545258462429047
3.1539617478847504
3.1533976644277573
3.152833506464958
3.152269408106804
3.1517053097486496
3.1511412113904953
3.1505770534276962
3.150012955069542
3.1494488567113876
3.1488847583532333
3.1483206152915955
3.147756516933441
3.147192418575287
3.1466283202171326
3.1460641622543335
3.145500063896179
3.144935965538025
3.1443718671798706
3.1438077092170715
3.1432436108589172
3.142679527401924
3.14211542904377
3.1415513306856155
3.1409872323274612
3.1404230147600174
3.139858916401863
3.139294818043709
3.138730727136135
3.138166628777981
3.1376025304198265
3.137038432061672
3.1364743411540985
3.1359101235866547
3.1353460252285004
3.134781926870346
3.1342178285121918
3.133653737604618
3.1330896392464638
3.1325255408883095
3.131961442530155
3.1313972286880016
3.1308331303298473
3.1302690356969833
3.129704937338829
3.129140842705965
3.1285767443478107
3.1280126478523016
3.1274485513567924
3.1268843356519938
3.126320238225162
3.125756141729653
3.1251920447684824
3.1246279478073147
3.1240892878267914
3.123550627846271
3.123011968098581
3.1224733078852296
3.1219347678124905
3.121396107599139
3.120857447385788
3.1203187871724367
3.1197801288217306
3.1192414686083794
3.118702806532383
3.118164148181677
3.1176256090402603
3.117086946964264
3.116548288613558
3.1160096265375614
3.1154709681868553
3.114932309836149
3.114393647760153
3.1138549894094467
3.11331644654274
3.1127777844667435
3.1122391298413277
3.1117004677653313
3.111161805689335
3.110623151063919
3.1100844889879227
3.1095458269119263
3.1090072914958
3.1084686294198036
3.107929967343807
3.107391305267811
3.106852650642395
3.1063139885663986
3.105775386095047
3.105236731469631
3.104698069393635
3.1041594073176384
3.1036208122968674
3.103082150220871
3.1025434881448746
3.102004826068878
3.1014662235975266
3.10092756152153
3.100388914346695
3.0998502522706985
3.099311649799347
3.0987729877233505
3.098234325647354
3.0976956635713577
3.097157061100006
3.096618413925171
3.0960797518491745
3.095541089773178
3.0950024873018265
3.09446382522583
3.0939251631498337
3.0933865159749985
3.092847913503647
3.0923092514276505
3.091770589351654
3.0912319272756577
3.090693324804306
3.0901546627283096
3.0896160155534744
3.089077353477478
3.0885387510061264
3.08800008893013
3.0874614268541336
3.086922764778137
3.0863841623067856
3.0858455151319504
3.085306853055954
3.0847681909799576
3.084229528903961
3.0836909264326096
3.083152264356613
3.082613617181778
3.0820749402046204
3.08153635263443
3.0809976756572723
3.080459028482437
3.079920381307602
3.079381763935089
3.078843116760254
3.0783044397830963
3.077765792608261
3.0772271752357483
3.076688528060913
3.076149880886078
3.0756112039089203
3.07507261633873
3.0745339393615723
3.073995292186737
3.0734566152095795
3.072918027639389
3.072379380464554
3.0718407034873962
3.071302056312561
3.070763438940048
3.070224791765213
3.0696861147880554
3.06914746761322
3.06860888004303
3.068070203065872
3.067531555891037
3.0669928789138794
3.066454291343689
3.0659156143665314
3.065376967191696
3.064838320016861
3.064299702644348
3.063761055469513
3.0632223784923553
3.06268373131752
3.0621451437473297
3.061606466770172
3.061067819595337
3.0605291426181793
3.059990555047989
3.0594518780708313
3.058913230895996
3.058374583721161
3.057835966348648
3.057297319173813
3.0567586421966553
3.05621999502182
3.0556813776493073
3.055142730474472
3.054604083299637
3.0540654063224792
3.053526818752289
3.0529881417751312
3.052449494600296
3.0519108176231384
3.051372230052948
3.050833582878113
3.050294905900955
3.04975625872612
3.049217641353607
3.048678994178772
3.0481403172016144
3.047601670026779
3.0470630824565887
3.046524405479431
3.045985758304596
3.0454470813274384
3.044908493757248
3.0443698167800903
3.043831169605255
3.04329252243042
3.0427538454532623
3.042215257883072
3.0416765809059143
3.041137933731079
3.040599286556244
3.0400606989860535
3.0395219922065735
3.0389833450317383
3.038444697856903
3.0379061102867126
3.0373674035072327
3.0368287563323975
3.0362901091575623
3.035751521587372
3.0352128744125366
3.0346741676330566
3.034135550260544
3.0335969030857086
3.033058285713196
3.0325196385383606
3.031980961561203
3.031442314386368
3.030903697013855
3.0303650498390198
3.029826372861862
3.029287725687027
3.028749108314514
3.028210461139679
3.027671843767166
3.027133136987686
3.0265945196151733
3.026055872440338
3.0255172550678253
3.02497860789299
3.0244399309158325
3.0239012837409973
3.0233626663684845
3.0228240191936493
3.0222853422164917
3.0217466950416565
3.0212080776691437
3.0206694304943085
3.0201308131217957
3.0195921063423157
3.019053488969803
3.0185148417949677
3.017976224422455
3.0174375772476196
3.016898900270462
3.016360253095627
3.015821635723114
3.015282988548279
3.014744311571121
3.014205664396286
3.013667047023773
3.013128399848938
3.012589782476425
3.012051075696945
3.0115124583244324
3.010973811149597
3.0104351937770844
3.009896546602249
3.0093578696250916
3.0088192224502563
3.0082806050777435
3.0077419579029083
3.0072032809257507
3.0066646337509155
3.0061260163784027
3.0055873692035675
3.0050487518310547
3.0045100450515747
3.003971427679062
3.0034327805042267
3.0028941333293915
3.0023555159568787
3.0018168091773987
3.001278191804886
3.0007395446300507
3.000200927257538
2.9996622800827026
2.999123603105545
2.998584970831871
2.998046338558197
2.997507706284523
2.9969690144062042
2.99643038213253
2.995891749858856
2.995353117585182
2.994814485311508
2.9942757934331894
2.9937371611595154
2.9931985288858414
2.9926598966121674
2.9921212643384933
2.9915825724601746
2.9910439401865005
2.9905053079128265
2.9899666756391525
2.9894279837608337
2.9888893514871597
2.9883507192134857
2.9878120869398117
2.9872734546661377
2.986734762787819
2.986196130514145
2.985657498240471
2.985118865966797
2.984580233693123
2.984041541814804
2.98350290954113
2.982964262366295
2.982425630092621
2.981886938214302
2.981348305940628
2.9808096811175346
2.9802710488438606
2.9797324165701866
2.979193724691868
2.978655092418194
2.97811646014452
2.977577827870846
2.977039195597172
2.976500503718853
2.975961871445179
2.975423239171505
2.974884606897831
2.974345915019512
2.973807282745838
2.973268650472164
2.9727300107479095
2.9721913784742355
2.971652690321207
2.971114058047533
2.970575425773859
2.970036793500185
2.969498161226511
2.968959469348192
2.968420837074518
2.967882201075554
2.967343570664525
2.9668048787862062
2.9662662465125322
2.9657276142388582
2.9651889810338616
2.9646503487601876
2.9641116564162076
2.963573023909703
2.963034391403278
2.962494942592457
2.9619552553631365
2.9614156279712915
2.9608759405091405
2.9603362530469894
2.959796566516161
2.9592568781226873
2.9587172511965036
2.95817756280303
2.9576378762722015
2.957098189741373
2.9565585628151894
2.9560188725590706
2.955479186028242
2.9549394994974136
2.954399812966585
2.9538601860404015
2.9533204957842827
2.952780809253454
2.9522411227226257
2.9517014361917973
2.9511618092656136
2.950622119009495
2.9500824362039566
2.949542745947838
2.949003115296364
2.9484634324908257
2.947923742234707
2.9473840594291687
2.94684436917305
2.946304738521576
2.9457650557160378
2.945225365459919
2.944685682654381
2.944145992398262
2.943606361746788
2.94306667894125
2.942526988685131
2.941987305879593
2.941447675228119
2.940907984972
2.940368302166462
2.939828611910343
2.939288929104805
2.938749298453331
2.938209608197212
2.9376699179410934
2.937130242586136
2.936590552330017
2.936050921678543
2.9355112314224243
2.9349715411663055
2.934431865811348
2.933892235159874
2.933352544903755
2.9328128546476364
2.9322731643915176
2.93173348903656
2.931193858385086
2.9306541681289673
2.9301144778728485
2.9295747876167297
2.929035112261772
2.928495481610298
2.9279557913541794
2.9274161010980606
2.926876410841942
2.926336795091629
2.9257971048355103
2.9252574145793915
2.9247177243232727
2.924178034067154
2.923638418316841
2.9230987280607224
2.9225590378046036
2.922019347548485
2.921479657292366
2.9209400415420532
2.9204003512859344
2.9198606610298157
2.919320970773697
2.918781280517578
2.9182416647672653
2.9177019745111465
2.9171622842550278
2.916622593998909
2.916082963347435
2.9155432879924774
2.9150035977363586
2.91446390748024
2.913924217224121
2.913384586572647
2.9128449112176895
2.9123052060604095
2.9117655158042908
2.9112258553504944
2.9106862246990204
2.9101465344429016
2.909606844186783
2.909067153930664
2.90852752327919
2.9079878330230713
2.9074481427669525
2.9069084525108337
2.906368762254715
2.9058291614055634
2.9052894711494446
2.904749780893326
2.904210090637207
2.9036704003810883
2.9031307697296143
2.9025910794734955
2.9020513892173767
2.901511698961258
2.900972068309784
2.9004324078559875
2.8998927175998688
2.89935302734375
2.8988133370876312
2.8982737064361572
2.8977340161800385
2.8971943259239197
2.896654635667801
2.896114945411682
2.895575314760208
2.8950356543064117
2.894495964050293
2.893956273794174
2.8934166431427
2.8928769528865814
2.8923372626304626
2.891797572374344
2.891257882118225
2.890718251466751
2.8901785612106323
2.889638900756836
2.889099210500717
2.8885595202445984
2.8880198895931244
2.8874801993370056
2.886940509080887
2.886400818824768
2.885861188173294
2.8853214979171753
2.8847818076610565
2.88424214720726
2.8837024867534637
2.883162796497345
2.8826231360435486
2.88208344578743
2.881543755531311
2.8810040950775146
2.880464404821396
2.8799247443675995
2.8793850541114807
2.8788454234600067
2.878305733203888
2.877766042947769
2.877226382493973
2.876686692237854
2.8761470317840576
2.875607341527939
2.8750676810741425
2.8745279908180237
2.873988300561905
2.873448669910431
2.872908979654312
2.8723693192005157
2.871829628944397
2.8712899684906006
2.870750278234482
2.870210587978363
2.8696709275245667
2.869131237268448
2.8685915768146515
2.868051916360855
2.8675122559070587
2.86697256565094
2.866432875394821
2.865893214941025
2.865353524684906
2.8648138642311096
2.864274173974991
2.8637345135211945
2.8631948232650757
2.8626551628112793
2.862115502357483
2.8615757822990417
2.8610361516475677
2.8604964315891266
2.85995677113533
2.859417140483856
2.858877420425415
2.858337789773941
2.8577980697155
2.857258439064026
2.8567187190055847
2.8561790585517883
2.8556393682956696
2.855099707841873
2.854560077190399
2.854020357131958
2.853480726480484
2.852941006422043
2.8524013459682465
2.8518616557121277
2.8513219952583313
2.8507823050022125
2.850242644548416
2.8497029542922974
2.849163293838501
2.8486236333847046
2.848083943128586
2.8475442826747894
2.8470045924186707
2.8464649319648743
2.8459252417087555
2.845385581254959
2.844845861196518
2.844306230545044
2.8437665700912476
2.843226879835129
2.8426872193813324
2.8421475142240524
2.8416078686714172
2.8410681635141373
2.840528517961502
2.839988812804222
2.8394491523504257
2.8389094471931458
2.8383698016405106
2.8378301560878754
2.8372904509305954
2.83675080537796
2.8362111002206802
2.835671439766884
2.835131734609604
2.8345920890569687
2.8340523838996887
2.8335127383470535
2.8329730927944183
2.8324333876371384
2.831893727183342
2.831354022026062
2.830814376473427
2.830274671316147
2.8297350257635117
2.8291953206062317
2.8286556601524353
2.8281159549951553
2.82757630944252
2.827036663889885
2.826496958732605
2.82595731317997
2.82541760802269
2.8248779475688934
2.8243382424116135
2.8237985968589783
2.8232588917016983
2.822719246149063
2.822179600596428
2.8216398879885674
2.821100242435932
2.820560537278652
2.8200208842754364
2.8194811791181564
2.8189415335655212
2.8184018209576607
2.8178621754050255
2.8173224702477455
2.8167828246951103
2.8162431716918945
2.8157034665346146
2.8151638209819794
2.814624108374119
2.8140844628214836
2.8135447576642036
2.813005104660988
2.812465399503708
2.8119257539510727
2.811386104673147
2.8108463995158672
2.8103067502379417
2.8097670413553715
2.8092273958027363
2.808687686920166
2.808148041367531
2.8076083324849606
2.807068683207035
2.806528978049755
2.8059893306344748
2.8054496813565493
2.804909974336624
2.804370326921344
2.8038306199014187
2.8032909715548158
2.8027512645348907
2.802211616653949
2.8016719094011933
2.801132261753253
2.8005955710541457
2.800059118773788
2.7995226066559553
2.7989861546084285
2.7984496420249343
2.7979131899774075
2.797376678325236
2.796840226277709
2.796303713694215
2.7957672607153654
2.7952307499945164
2.794694237411022
2.794157786294818
2.7936212737113237
2.7930848225951195
2.7925483100116253
2.792011857032776
2.7914753444492817
2.7909388914704323
2.790402378886938
2.789865870028734
2.789329417049885
2.7887929044663906
2.788256451487541
2.787719938904047
2.787183489650488
2.7866469770669937
2.7861105240881443
2.78557401150465
2.785037562251091
2.7845010459423065
2.7839645370841026
2.783428080379963
2.782891571521759
2.7823551222682
2.7818186059594154
2.7812821567058563
2.780745640397072
2.7802091911435127
2.7796726748347282
2.7791361659765244
2.7785997167229652
2.7780632004141808
2.7775267511606216
2.776990234851837
2.776453785598278
2.775917276740074
2.7753808200359344
2.7748443111777306
2.774307854473591
2.773771345615387
2.773234836757183
2.7726983800530434
2.7721618711948395
2.7716254144906998
2.771088905632496
2.770552448928356
2.7700159400701523
2.7694794833660126
2.7689429819583893
2.768406465649605
2.767870008945465
2.7673334926366806
2.766797050833702
2.7662605345249176
2.765724077820778
2.7651875764131546
2.764651119709015
2.7641146034002304
2.763578161597252
2.7630416452884674
2.762505128979683
2.761968672275543
2.76143217086792
2.76089571416378
2.7603591978549957
2.759822756052017
2.7592862397432327
2.758749783039093
2.7582132667303085
2.7576767653226852
2.7571403086185455
2.756603792309761
2.7560673505067825
2.755530834197998
2.7549943774938583
2.754457876086235
2.7539214193820953
2.753384903073311
2.752848446369171
2.752311944961548
2.7517754286527634
2.7512389719486237
2.7507024705410004
2.7501660138368607
2.749629497528076
2.7490930408239365
2.748556539416313
2.7480200827121735
2.747483566403389
2.7469470649957657
2.746410608291626
2.7458740919828415
2.745337650179863
2.7448011338710785
2.744264677166939
2.7437281608581543
2.743191719055176
2.7426552027463913
2.7421187460422516
2.7415822446346283
2.741045728325844
2.740509271621704
2.739972785115242
2.739436313509941
2.7388997972011566
2.7383633106946945
2.7378268241882324
2.7372903525829315
2.7367538809776306
2.7362173795700073
2.7356809079647064
2.7351444363594055
2.7346079349517822
2.7340714633464813
2.7335349321365356
2.7329984605312347
2.732461988925934
2.7319254875183105
2.7313890159130096
2.7308525443077087
2.7303160429000854
2.7297795712947845
2.7292430996894836
2.7287065982818604
2.728170096874237
2.727633625268936
2.727097123861313
2.726560652256012
2.726024180650711
2.7254876792430878
2.724951207637787
2.7244147062301636
2.7238782346248627
2.7233417630195618
2.722805231809616
2.722268760204315
2.7217322885990143
2.721195787191391
2.72065931558609
2.720122843980789
2.719586342573166
2.719049870967865
2.718513399362564
2.717976897954941
2.7174403965473175
2.7169039249420166
2.7163674235343933
2.7158309519290924
2.715294450521469
2.714757978916168
2.7142215073108673
2.713685005903244
2.713148534297943
2.712612062692642
2.7120755314826965
2.7115390598773956
2.7110025882720947
2.7104660868644714
2.7099296152591705
2.7093931436538696
2.7088566422462463
2.7083201706409454
2.7077836990356445
2.7072471976280212
2.706710696220398
2.7061741948127747
2.7056377232074738
2.705101251602173
2.7045647501945496
2.7040282785892487
2.7034918069839478
2.7029553055763245
2.7024188339710236
2.7018823623657227
2.701345831155777
2.700809359550476
2.700272887945175
2.699736386537552
2.699199914932251
2.69866344332695
2.698126941919327
2.697590470314026
2.6970539689064026
2.6965174973011017
2.6959809958934784
2.695444494485855
2.694908022880554
2.6943715512752533
2.69383504986763
2.693298578262329
2.692762106657028
2.692225605249405
2.691689133644104
2.691152662038803
2.6906161308288574
2.6900796741247177
2.6895431876182556
2.6890066862106323
2.6884702146053314
2.687933713197708
2.6873972415924072
2.686860755085945
2.686324253678322
2.685787782073021
2.68525131046772
2.6847148090600967
2.6841783225536346
2.6836418509483337
2.6831053495407104
2.6825688779354095
2.6820324063301086
2.681495890021324
2.6809594184160233
2.6804229170084
2.679886445403099
2.679349973797798
2.6788134574890137
2.6782769858837128
2.677740514278412
2.6772040128707886
2.6766675412654877
2.6761310547590256
2.6755945533514023
2.675058051943779
2.674521580338478
2.673985108733177
2.673448622226715
2.672912150621414
2.6723756790161133
2.6718391478061676
2.6713026762008667
2.6707661896944046
2.6702297180891037
2.669693246483803
2.669156774878502
2.668620243668556
2.668083757162094
2.667547285556793
2.6670108139514923
2.6664743423461914
2.6659378111362457
2.6654013246297836
2.6648648530244827
2.664328381419182
2.663791909813881
2.6632554307579994
2.6627188995480537
2.6621824204921722
2.6616459488868713
2.6611094772815704
2.660572998225689
2.660036526620388
2.6594999879598618
2.658963516354561
2.65842704474926
2.6578905656933784
2.6573540940880775
2.6568175554275513
2.6562810838222504
2.6557446122169495
2.655208133161068
2.654671661555767
2.6541351824998856
2.65359865128994
2.653062179684639
2.6525257006287575
2.6519892290234566
2.6514527536928654
2.650916278362274
2.650379743427038
2.649843268096447
2.649306796491146
2.648770321160555
2.6482338458299637
2.6476973108947277
2.6471608355641365
2.6466243639588356
2.6460878886282444
2.645551413297653
2.645014937967062
2.644478404894471
2.64394192956388
2.643405456095934
2.6428689807653427
2.642332506366074
2.6417960319668055
2.6412594974972308
2.6407230228651315
2.6401865482332596
2.6396520351991057
2.6391174029558897
2.6385828303173184
2.6380481980741024
2.6375135658308864
2.6369789335876703
2.6364443013444543
2.6359096691012383
2.635375096462667
2.634840464219451
2.6343058329075575
2.633771199733019
2.6332365684211254
2.632701935246587
2.632167363539338
2.6316327303647995
2.631098099052906
2.6305634658783674
2.630028834566474
2.62949426099658
2.6289596296846867
2.628424998372793
2.6278903633356094
2.627355732023716
2.6268211007118225
2.626286529004574
2.6257518976926804
2.6252172626554966
2.624682631343603
2.6241480000317097
2.623613368719816
2.623078793287277
2.6225441619753838
2.6220095306634903
2.621474899351597
2.620940264314413
2.6204056926071644
2.619871061295271
2.6193364299833775
2.6188017949461937
2.6182671636343002
2.6177325323224068
2.617197960615158
2.6166633293032646
2.616128697991371
2.615594059228897
2.6150594279170036
2.61452479660511
2.6139902248978615
2.613455593585968
2.6129209622740746
2.612386330962181
2.6118516996502876
2.611317127943039
2.610782489180565
2.6102478578686714
2.609713226556778
2.6091785952448845
2.608643963932991
2.6081093922257423
2.607574760913849
2.6070401296019554
2.6065054908394814
2.605970859527588
2.6054362282156944
2.6049016267061234
2.6043670251965523
2.603832393884659
2.6032977625727654
2.6027631610631943
2.60222852230072
2.6016938909888268
2.6011592894792557
2.600624658167362
2.600090056657791
2.5995554253458977
2.599020794034004
2.598486192524433
2.5979515612125397
2.5974169224500656
2.596882328391075
2.596347689628601
2.595813065767288
2.5952784568071365
2.5947438180446625
2.5942091941833496
2.593674585223198
2.593139961361885
2.592605322599411
2.5920707285404205
2.5915360897779465
2.591001480817795
2.590466856956482
2.589932218194008
2.5893976241350174
2.5888629853725433
2.5883283615112305
2.587793752551079
2.587259128689766
2.586724489927292
2.58618988096714
2.5856552571058273
2.5851206183433533
2.584586024284363
2.5840513855218887
2.583516761660576
2.582982152700424
2.5824475288391113
2.5819129198789597
2.5813782811164856
2.5808436572551727
2.580309048295021
2.579774424433708
2.579239785671234
2.5787051916122437
2.5781705528497696
2.5776359140872955
2.577101320028305
2.576566681265831
2.576032057404518
2.5754974484443665
2.5749628245830536
2.5744281858205795
2.573893591761589
2.573358952999115
2.5728243440389633
2.5722897201776505
2.5717550814151764
2.571220487356186
2.570685848593712
2.570151224732399
2.5696166157722473
2.5690819919109344
2.5685473531484604
2.5680127441883087
2.567478120326996
2.566943481564522
2.5664088875055313
2.5658742487430573
2.5653396248817444
2.5648050159215927
2.5642703771591187
2.563735783100128
2.563201144337654
2.5626665204763412
2.5621319115161896
2.5615972876548767
2.5610626488924026
2.560528054833412
2.559993416070938
2.559458777308464
2.5589241832494736
2.5583895444869995
2.5578549206256866
2.557320311665535
2.556785687804222
2.556251049041748
2.5557164549827576
2.5551818013191223
2.554647207260132
2.554112583398819
2.553577959537506
2.5530433356761932
2.5525087118148804
2.5519740879535675
2.551439493894577
2.5509048402309418
2.550370216369629
2.5498356223106384
2.549300968647003
2.5487663447856903
2.5482317507267
2.547697126865387
2.5471624732017517
2.5466278791427612
2.5460932552814484
2.5455586314201355
2.5450240075588226
2.5444893836975098
2.5439547896385193
2.543420135974884
2.542885512113571
2.5423509031534195
2.5418162643909454
2.5412816554307938
2.540747031569481
2.5402124226093292
2.539677783846855
2.5391431748867035
2.5386085510253906
2.538073942065239
2.537539303302765
2.537004679441452
2.5364700704813004
2.5359354317188263
2.5354008227586746
2.5348661988973618
2.53433158993721
2.533796951174736
2.533262327313423
2.5327277183532715
2.5321930795907974
2.5316584557294846
2.531123846769333
2.530589237809181
2.530054599046707
2.5295199751853943
2.5289853662252426
2.5284507274627686
2.5279161036014557
2.527381494641304
2.5268468856811523
2.5263122469186783
2.5257776230573654
2.5252430140972137
2.524708405137062
2.524173751473427
2.523639142513275
2.5231045335531235
2.522569879889488
2.5220352709293365
2.521500661969185
2.520966053009033
2.520431399345398
2.5198967903852463
2.5193621814250946
2.5188275277614594
2.5182929188013077
2.517758309841156
2.5172237008810043
2.516689047217369
2.5161544382572174
2.5156198292970657
2.5150851756334305
2.514550566673279
2.514015957713127
2.5134813338518143
2.51294669508934
2.5124120861291885
2.511877477169037
2.511342853307724
2.51080821454525
2.5102735981345177
2.509738989174366
2.5092043429613113
2.5086697340011597
2.5081351175904274
2.5076005086302757
2.507065862417221
2.506531246006489
2.505996637046337
2.5054619908332825
2.504927381873131
2.5043927654623985
2.5038581490516663
2.503323510289192
2.50278889387846
2.5022542849183083
2.5017196387052536
2.5011850222945213
2.5006504133343697
2.5001157969236374
2.4995811581611633
2.499046541750431
2.4985119327902794
2.497977316379547
2.4974426701664925
2.496908061206341
2.4963734447956085
2.4958388060331345
2.495304189622402
2.49476957693696
2.4942349642515182
2.493700321763754
2.4931657053530216
2.4926310926675797
2.4920964501798153
2.4915618374943733
2.4910272248089314
2.490492608398199
2.4899579659104347
2.4894233532249928
2.488888740539551
2.4883540980517864
2.4878194853663445
2.4872848708182573
2.4867502581328154
2.486215613782406
2.485681001096964
2.4851463865488768
2.484611773863435
2.4840771313756704
2.483542517758906
2.4830079041421413
2.4824732607230544
2.4819386480376124
2.481404034420848
2.4808694212697446
2.4803347780834883
2.4798001646998102
2.4792660363018513
2.4787322357296944
2.4781984055880457
2.477664574980736
2.4771307450719178
2.476596944499761
2.4760631141252816
2.475529283285141
2.474995482712984
2.4744616532698274
2.473927822895348
2.473393992520869
2.472860191948712
2.4723263615742326
2.4717925302684307
2.4712586998939514
2.4707248993217945
2.470191068947315
2.469657240435481
2.469123439863324
2.468589609488845
2.4680557791143656
2.4675219487398863
2.4669881481677294
2.46645431779325
2.465920487418771
2.465386686846614
2.4648528564721346
2.4643190260976553
2.463785193860531
2.463251393288374
2.4627175629138947
2.4621837325394154
2.4616499319672585
2.461116101592779
2.4605822712183
2.4600484408438206
2.459514643996954
2.4589808136224747
2.4584469832479954
2.457913152873516
2.457379352301359
2.45684552192688
2.4563116915524006
2.4557778909802437
2.4552440606057644
2.454710230231285
2.454176399856806
2.453642599284649
2.4531087689101696
2.4525749385356903
2.4520411379635334
2.451507307589054
2.450973477214575
2.4504396468400955
2.4499058462679386
2.4493720158934593
2.44883818551898
2.448304384946823
2.4477705508470535
2.4472367241978645
2.446702890098095
2.4461690932512283
2.4456352591514587
2.4451014325022697
2.4445675984025
2.4440338015556335
2.443499967455864
2.442966140806675
2.4424323365092278
2.4418985098600388
2.441364675760269
2.44083084911108
2.440297044813633
2.439763218164444
2.439229391515255
2.4386955872178078
2.4381617605686188
2.437627926468849
2.43709409981966
2.436560295522213
2.436026468873024
2.4354926347732544
2.434958837926388
2.434425003826618
2.433891177177429
2.4333573430776596
2.432823546230793
2.4322897121310234
2.4317558854818344
2.431222051382065
2.430688254535198
2.4301544204354286
2.4296205937862396
2.4290867894887924
2.4285529628396034
2.428019128739834
2.427485302090645
2.4269514977931976
2.4264176711440086
2.425883837044239
2.4253500401973724
2.424816206097603
2.424282379448414
2.4237485453486443
2.4232147485017776
2.422680914402008
2.422147087752819
2.421613283455372
2.421079456806183
2.4205456227064133
2.4200117960572243
2.419477991759777
2.418944165110588
2.4184103310108185
2.4178765043616295
2.4173427000641823
2.4168088734149933
2.4162750393152237
2.4157412350177765
2.415207415819168
2.4146735817193985
2.414139747619629
2.4136059433221817
2.4130721241235733
2.4125382900238037
2.4120044857263565
2.411470651626587
2.4109368324279785
2.410402998328209
2.4098691940307617
2.409335359930992
2.4088015407323837
2.4082677364349365
2.407733902335167
2.4072000682353973
2.406666249036789
2.4061324447393417
2.405598610639572
2.4050647765398026
2.404530957341194
2.403997153043747
2.4034633189439774
2.402929499745369
2.4023956805467606
2.401861861348152
2.4013280272483826
2.400794208049774
2.4002603888511658
2.3997265696525574
2.399192750453949
2.3986589312553406
2.398125112056732
2.3975912779569626
2.397057458758354
2.396523639559746
2.3959898203611374
2.395455986261368
2.3949221670627594
2.394388362765312
2.3938545286655426
2.393320709466934
2.3927868753671646
2.3922530710697174
2.391719236969948
2.3911854177713394
2.390651598572731
2.3901177793741226
2.389583960175514
2.3890501260757446
2.3885163068771362
2.387982487678528
2.3874486684799194
2.38691483438015
2.3863810151815414
2.3858472108840942
2.3853133767843246
2.3847795575857162
2.3842457234859467
2.3837119191884995
2.38317808508873
2.3826442658901215
2.382110431790352
2.3815766274929047
2.3810428082942963
2.3805089741945267
2.3799751549959183
2.37944133579731
2.3789075165987015
2.378373682498932
2.3778398633003235
2.3773060590028763
2.3767722249031067
2.3762384057044983
2.3757045716047287
2.3751707673072815
2.374636933207512
2.3741031140089035
2.373569279909134
2.3730354756116867
2.3725016564130783
2.3719678223133087
2.3714340031147003
2.370900183916092
2.3703663647174835
2.369832530617714
2.3692987114191055
2.368764892220497
2.3682310730218887
2.3676972538232803
2.3671634197235107
2.3666296154260635
2.366095781326294
2.3655619621276855
2.365028128027916
2.3644943237304688
2.3639605045318604
2.3634266704320908
2.3628928512334824
2.362359032034874
2.3618252128362656
2.3612913861870766
2.3607575595378876
2.3602237477898598
2.3596899211406708
2.359156094491482
2.358622282743454
2.358088456094265
2.357554629445076
2.3570208102464676
2.35648699849844
2.355953171849251
2.355419345200062
2.354885518550873
2.354351691901684
2.353817880153656
2.353284068405628
2.3527502343058586
2.352216422557831
2.3516825810074806
2.351148769259453
2.350614957511425
2.350081115961075
2.349547304213047
2.3490134924650192
2.3484796583652496
2.347945846617222
2.3474120050668716
2.346878193318844
2.346344381570816
2.345810540020466
2.345276728272438
2.3447429165244102
2.34420907497406
2.343675270676613
2.3431414291262627
2.342607617378235
2.342073805630207
2.341539964079857
2.341006152331829
2.3404723443090916
2.3399385027587414
2.3394046910107136
2.3388708494603634
2.338337041437626
2.337803229689598
2.337269388139248
2.33673557639122
2.3362017683684826
2.3356679268181324
2.3351341150701046
2.3346002735197544
2.334066465497017
2.333532653748989
2.332998812198639
2.332465000450611
2.3319311887025833
2.3313973508775234
2.3308635391294956
2.3303296975791454
2.329795887693763
2.329262075945735
2.32872823625803
2.328194424510002
2.3276606146246195
2.3271267730742693
2.3265929631888866
2.3260591216385365
2.325525311753154
2.324991500005126
2.3244576593860984
2.323923848569393
2.323390037752688
2.3228561971336603
2.322322386316955
2.3217885456979275
2.3212547348812222
2.320720924064517
2.3201870834454894
2.3196532726290293
2.319121277832892
2.3185890744207427
2.3180568411480635
2.3175246079917997
2.3169924046378583
2.316460171248764
2.3159279678948224
2.3153957347385585
2.3148635015822947
2.3143312982283533
2.3137990650720894
2.3132668314501643
2.312734628096223
2.312202394939959
2.3116701915860176
2.311137958429754
2.31060572527349
2.3100735219195485
2.3095412887632847
2.309009055607021
2.3084768522530794
2.3079446190968156
2.3074124148115516
2.3068801816552877
2.306347948499024
2.3058157451450825
2.3052835119888186
2.304751278832555
2.3042190754786134
2.3036868423223495
2.3031546380370855
2.3026224058121443
2.302090171724558
2.301557969301939
2.3010257352143526
2.3004935029894114
2.2999612987041473
2.299429066479206
2.298896862193942
2.298364629969001
2.2978323958814144
2.2973001934587955
2.296767959371209
2.296235727146268
2.295703522861004
2.2951712887734175
2.2946390863507986
2.294106852263212
2.293574620038271
2.293042415753007
2.2925101835280657
2.2919779494404793
2.2914457470178604
2.290913512930274
2.290381310507655
2.2898490764200687
2.2893168441951275
2.2887846399098635
2.288252405822277
2.287720173597336
2.287187971174717
2.2866557352244854
2.2861235328018665
2.2855913005769253
2.285059068351984
2.2845268473029137
2.2839946299791336
2.2834624126553535
2.2829301953315735
2.282397959381342
2.281865742057562
2.281333524733782
2.2808013074100018
2.28026907145977
2.27973685413599
2.27920463681221
2.2786724008619785
2.2781401835381985
2.2776079662144184
2.2770757488906384
2.276543512940407
2.2760112956166267
2.2754790782928467
2.2749468609690666
2.274414625018835
2.273882407695055
2.273350190371275
2.272817973047495
2.2722857370972633
2.2717535197734833
2.271221302449703
2.270689081400633
2.2701568491756916
2.2696246318519115
2.2690924145281315
2.268560193479061
2.26802796125412
2.26749574393034
2.2669635266065598
2.2664313055574894
2.265899073332548
2.265366856008768
2.264834638684988
2.2643024176359177
2.2637701854109764
2.2632379680871964
2.262705747038126
2.262173529714346
2.2616412974894047
2.2611090801656246
2.2605768591165543
2.260044641792774
2.259512409567833
2.258980192244053
2.2584479711949825
2.2579157538712025
2.257383521646261
2.256851300597191
2.256319083273411
2.2557868659496307
2.2552546337246895
2.2547224164009094
2.2541901990771294
2.2536579743027687
2.2531257420778275
2.2525935247540474
2.2520613074302673
2.2515290901064873
2.250996857881546
2.250464640557766
2.249932423233986
2.2494001984596252
2.248867966234684
2.248335748910904
2.247803531587124
2.247271314263344
2.2467390820384026
2.2462068647146225
2.245674639940262
2.245142422616482
2.2446101903915405
2.2440779730677605
2.2435457557439804
2.2430135384202003
2.242481306195259
2.241949088871479
2.2414168640971184
2.2408846467733383
2.240352414548397
2.239820197224617
2.239287979900837
2.2387557476758957
2.2382235303521156
2.237691305577755
2.237159088253975
2.2366268560290337
2.2360946387052536
2.2355624213814735
2.2350302040576935
2.2344979718327522
2.233965754508972
2.2334335297346115
2.2329013124108315
2.23236908018589
2.23183686286211
2.23130464553833
2.23077242821455
2.2302401959896088
2.229707971215248
2.229175753891468
2.228643536567688
2.2281113043427467
2.2275790870189667
2.2270468696951866
2.2265146523714066
2.2259824201464653
2.2254501953721046
2.2249179780483246
2.2243857607245445
2.2238535284996033
2.223321311175823
2.222789093852043
2.2222568690776825
2.221724644303322
2.221192419528961
2.220660202205181
2.2201279774308205
2.2195957601070404
2.2190635353326797
2.2185313180088997
2.217999093234539
2.2174668684601784
2.2169346436858177
2.2164024263620377
2.215870201587677
2.215337984263897
2.2148057594895363
2.2142735421657562
2.213741309940815
2.213209092617035
2.2126768678426743
2.212144650518894
2.2116124257445335
2.2110802084207535
2.210547983646393
2.2100157663226128
2.2094835340976715
2.2089513167738914
2.208419091999531
2.2078868746757507
2.20735464990139
2.20682243257761
2.2062902078032494
2.2057579830288887
2.205225758254528
2.204693540930748
2.2041613161563873
2.2036290988326073
2.2030968740582466
2.2025646567344666
2.202032431960106
2.2015002071857452
2.2009679824113846
2.2004357650876045
2.199903540313244
2.199371315538883
2.198839098215103
2.1983068734407425
2.197774648666382
2.197242423892021
2.196710206568241
2.1961779817938805
2.1956457644701004
2.1951135396957397
2.1945813223719597
2.1940490901470184
2.193516880273819
2.1929846480488777
2.1924524381756783
2.191920205950737
2.1913879811763763
2.1908557675778866
2.1903235390782356
2.189791325479746
2.189259096980095
2.188726883381605
2.188194654881954
2.1876624263823032
2.1871302127838135
2.1865979842841625
2.1860657706856728
2.185533542186022
2.185001328587532
2.184469100087881
2.18393687158823
2.1834046579897404
2.1828724294900894
2.1823402158915997
2.1818079873919487
2.181275773793459
2.180743545293808
2.1802113316953182
2.179679099470377
2.179146870970726
2.1786146573722363
2.1780824288725853
2.1775502152740955
2.1770179867744446
2.176485773175955
2.175953544676304
2.175421318039298
2.1748891044408083
2.1743568759411573
2.1738246623426676
2.1732924338430166
2.172760220244527
2.172227991744876
2.171695763245225
2.171163549646735
2.1706313211470842
2.1700991075485945
2.1695668771862984
2.1690346635878086
2.1685024350881577
2.1679702065885067
2.1674379939213395
2.1669057654216886
2.166373551823199
2.165841323323548
2.165309109725058
2.1647768802940845
2.164244666695595
2.163712438661605
2.163180210161954
2.1626479965634644
2.162115767598152
2.161583554232493
2.1610513255000114
2.1605191119015217
2.1599868834020697
2.159453421831131
2.1589201241731644
2.158386841416359
2.1578535437583923
2.157320261001587
2.1567869633436203
2.156253680586815
2.1557203978300095
2.155187100172043
2.1546538174152374
2.154120519757271
2.1535872370004654
2.153053939342499
2.1525206565856934
2.151987373828888
2.1514540761709213
2.150920793414116
2.1503874957561493
2.149854212999344
2.1493209153413773
2.148787632584572
2.1482543349266052
2.1477210521698
2.1471877694129944
2.1466544717550278
2.1461211889982224
2.1455878913402557
2.1450546085834503
2.1445213109254837
2.1439880281686783
2.143454745411873
2.1429214477539062
2.142388164997101
2.141854867339134
2.141321584582329
2.140788286924362
2.1402550041675568
2.1397217214107513
2.1391884237527847
2.1386551409959793
2.1381218433380127
2.1375885605812073
2.1370552629232407
2.1365219801664352
2.13598869740963
2.135455399751663
2.134922116994858
2.134388819336891
2.1338555365800858
2.133322238922119
2.1327889561653137
2.132255658507347
2.1317223757505417
2.1311890929937363
2.1306557953357697
2.1301225125789642
2.1295892149209976
2.129055932164192
2.1285226345062256
2.12798935174942
2.1274560689926147
2.126922771334648
2.1263894885778427
2.125856190919876
2.1253229081630707
2.1247896179556847
2.1242563277482986
2.1237230375409126
2.1231897473335266
2.1226564571261406
2.1221231669187546
2.121589884161949
2.121056593954563
2.120523303747177
2.119990013539791
2.119456723332405
2.118923433125019
2.118390142917633
2.1178568601608276
2.1173235699534416
2.1167902797460556
2.1162569895386696
2.1157236993312836
2.1151904091238976
2.1146571189165115
2.1141238287091255
2.11359054595232
2.113057255744934
2.112523965537548
2.111990675330162
2.111457385122776
2.11092409491539
2.110390804708004
2.1098575219511986
2.1093242317438126
2.1087909415364265
2.1082576513290405
2.1077243611216545
2.1071910709142685
2.1066577807068825
2.1061244904994965
2.105591207742691
2.105057917535305
2.104524627327919
2.103991337120533
2.103458046913147
2.102924756705761
2.102391466498375
2.1018581837415695
2.1013248935341835
2.1007916033267975
2.1002583131194115
2.0997250229120255
2.0991917327046394
2.0986584424972534
2.0981251522898674
2.097591869533062
2.097058579325676
2.09652528911829
2.095991998910904
2.095458708703518
2.094925418496132
2.094392128288746
2.0938588455319405
2.0933255553245544
2.0927922651171684
2.0922589749097824
2.0917256847023964
2.0911923944950104
2.0906591042876244
2.0901258140802383
2.089592531323433
2.089059241116047
2.088525950908661
2.087992660701275
2.087459370493889
2.086926080286503
2.086392790079117
2.0858595073223114
2.0853262171149254
2.0847929269075394
2.0842596367001534
2.0837263464927673
2.0831930562853813
2.0826597660779953
2.0821264758706093
2.081593193113804
2.081059902906418
2.080526612699032
2.079993322491646
2.07946003228426
2.078926742076874
2.0783934518694878
2.0778601691126823
2.0773268789052963
2.0767935886979103
2.0762602984905243
2.0757270082831383
2.0751937180757523
2.0746604278683662
2.0741271376609802
2.073593854904175
2.073060564696789
2.0725272744894028
2.0719939842820168
2.0714606940746307
2.0709274038672447
2.0703941136598587
2.0698608309030533
2.0693275406956673
2.0687942504882812
2.0682609602808952
2.067727670073509
2.067194379866123
2.066661089658737
2.066127799451351
2.0655945166945457
2.0650612264871597
2.0645279362797737
2.0639946460723877
2.0634613558650017
2.0629280656576157
2.06239477917552
2.061861488968134
2.061328198760748
2.060794912278652
2.060261622071266
2.05972833186388
2.059195041656494
2.0586617551743984
2.0581284649670124
2.0575951747596264
2.0570618845522404
2.0565285980701447
2.0559953078627586
2.0554620176553726
2.054928731173277
2.054395440965891
2.053862150758505
2.053328860551119
2.052795574069023
2.052262283861637
2.051728993654251
2.051195703446865
2.0506624169647694
2.0501291267573833
2.0495958365499973
2.0490625463426113
2.0485292598605156
2.0479959696531296
2.0474626794457436
2.046929392963648
2.046396102756262
2.045862812548876
2.04532952234149
2.044796235859394
2.044262945652008
2.043729655444622
2.043196365237236
2.0426630787551403
2.0421297885477543
2.0415964983403683
2.0410632081329823
2.0405299216508865
2.0399966314435005
2.0394633412361145
2.038930054754019
2.0383967645466328
2.0378634743392467
2.0373301841318607
2.036796897649765
2.036263607442379
2.035730317234993
2.035197027027607
2.0346637405455112
2.0341304503381252
2.033597160130739
2.033063869923353
2.0325305834412575
2.0319972932338715
2.0314640030264854
2.0309307146817446
2.0303974263370037
2.0298641361296177
2.029330847784877
2.028797557577491
2.02826426923275
2.027730979025364
2.027197690680623
2.026664400473237
2.026131112128496
2.02559782192111
2.0250645335763693
2.0245312433689833
2.0239979550242424
2.0234646666795015
2.0229313764721155
2.0223980881273746
2.0218647979199886
2.0213315095752478
2.0207982193678617
2.020264931023121
2.019731640815735
2.019198352470994
2.018665062263608
2.018131773918867
2.017598483711481
2.0170651953667402
2.016531905159354
2.0159986168146133
2.01546532753855
2.0149320382624865
2.014398748986423
2.0138654597103596
2.013332170434296
2.0127988811582327
2.0122655918821692
2.0117323035374284
2.011199014261365
2.0106657249853015
2.010132435709238
2.0095991464331746
2.009065857157111
2.0085325678810477
2.0079992786049843
2.007465989328921
2.0069327000528574
2.006399410776794
2.005866121966392
2.0053328326903284
2.004799543414265
2.0042662541382015
2.003732964862138
2.0031996755860746
2.002666386542842
2.0021330972667783
2.001599807990715
2.001066518831067
2.000533229613211
1.9999999403954725
